           9  molden generated tinker .xyz (mm3 param.)
 1  C     0.948000   -0.044000    0.070000      1  2  4  5  6
 2  C     2.462000   -0.042000    0.063000      1  1  3  7  8
 3  O     2.944000    0.946000   -0.835000      6  2  9
 4  H     0.563000   -0.795000    0.766000      5  1
 5  H     0.556000   -0.257000   -0.930000      5  1
 6  H     0.563000    0.938000    0.361000      5  1
 7  H     2.854000   -1.017000   -0.244000      5  2
 8  H     2.849000    0.185000    1.061000      5  2
 9  H     2.605000    0.730000   -1.720000     21  3
