          26  molden generated tinker .xyz (charmm param.)
  1  C      0.976000   -0.094000    0.051000      0   2  18  19  20
  2  C      2.518000   -0.102000    0.011000      0   1   3   8  13
  3  C      2.997000   -0.793000   -1.294000      0   2   4  21  22
  4  O      2.507000   -0.066000   -2.420000      0   3   5
  5  N      2.888000   -0.642000   -3.657000      0   4   6   7
  6  O      3.599000   -1.646000   -3.613000      0   5
  7  O      2.441000   -0.027000   -4.623000      0   5
  8  C      3.019000    1.366000    0.059000      0   2   9  23  24
  9  O      4.445000    1.382000    0.015000      0   8  10
 10  N      4.984000    2.693000    0.046000      0   9  11  12
 11  O      4.183000    3.626000    0.106000      0  10
 12  O      6.211000    2.701000    0.012000      0  10
 13  C      3.067000   -0.878000    1.237000      0   2  14  25  26
 14  O      2.588000   -2.222000    1.210000      0  13  15
 15  N      3.025000   -2.985000    2.321000      0  14  16  17
 16  O      3.738000   -2.414000    3.147000      0  15
 17  O      2.611000   -4.141000    2.294000      0  15
 18  H      0.553000    0.459000   -0.794000      0   1
 19  H      0.610000    0.379000    0.969000      0   1
 20  H      0.568000   -1.110000    0.015000      0   1
 21  H      2.617000   -1.822000   -1.329000      0   3
 22  H      4.095000   -0.818000   -1.317000      0   3
 23  H      2.672000    1.837000    0.988000      0   8
 24  H      2.614000    1.925000   -0.794000      0   8
 25  H      2.725000   -0.381000    2.156000      0  13
 26  H      4.164000   -0.881000    1.217000      0  13
