          26  molden generated tinker .xyz (mm3 param.)
  1  C     0.976000   -0.094000    0.051000      1   2  18  19  20
  2  C     2.518000   -0.102000    0.011000      1   1   3   8  13
  3  C     2.997000   -0.793000   -1.294000      1   2   4  21  22
  4  O     2.507000   -0.066000   -2.420000      6   3   5
  5  N     2.888000   -0.642000   -3.657000      8   4   6   7
  6  O     3.599000   -1.646000   -3.613000      7   5
  7  O     2.441000   -0.027000   -4.623000      7   5
  8  C     3.019000    1.366000    0.059000      1   2   9  23  24
  9  O     4.445000    1.382000    0.015000      6   8  10
 10  N     4.984000    2.693000    0.046000      8   9  11  12
 11  O     4.183000    3.626000    0.106000      7  10
 12  O     6.211000    2.701000    0.012000      7  10
 13  C     3.067000   -0.878000    1.237000      1   2  14  25  26
 14  O     2.588000   -2.222000    1.210000      6  13  15
 15  N     3.025000   -2.985000    2.321000      8  14  16  17
 16  O     3.738000   -2.414000    3.147000      7  15
 17  O     2.611000   -4.141000    2.294000      7  15
 18  H     0.553000    0.459000   -0.794000      5   1
 19  H     0.610000    0.379000    0.969000      5   1
 20  H     0.568000   -1.110000    0.015000      5   1
 21  H     2.617000   -1.822000   -1.329000      5   3
 22  H     4.095000   -0.818000   -1.317000      5   3
 23  H     2.672000    1.837000    0.988000      5   8
 24  H     2.614000    1.925000   -0.794000      5   8
 25  H     2.725000   -0.381000    2.156000      5  13
 26  H     4.164000   -0.881000    1.217000      5  13
